q: 0
xs
[4.44031470e-04 4.75134726e-04 6.48244889e-04 4.17317466e-03
 1.38198902e-02 2.10577072e-02 2.51183555e-02 2.95592163e-02
 3.50887712e-02 3.90356068e-02 4.11686044e-02 5.40552622e-02
 8.52331311e-02 1.04703587e-01 1.49357036e-01 1.58083951e-01
 1.60585362e-01 1.67082161e-01 1.83871335e-01 1.91724998e-01
 2.31707394e-01 3.09327418e-01 3.47989317e-01 3.78591133e-01
 4.21018192e-01 4.21262159e-01 4.37327849e-01 4.47732701e-01
 4.69426830e-01 4.71999007e-01 4.76543966e-01 4.80878896e-01
 5.72815580e-01 6.25373209e-01 6.26691219e-01 6.28795237e-01
 6.53009147e-01 7.24810515e-01 7.60218358e-01 7.66525111e-01
 7.91050017e-01 7.92844008e-01 8.02417279e-01 8.25737522e-01
 8.38764645e-01 9.18347431e-01 9.26450716e-01 9.43781667e-01
 9.81327265e-01]
vs
[0.02 0.04 0.06 0.08 0.1  0.12 0.14 0.16 0.18 0.2  0.22 0.24 0.26 0.28
 0.3  0.32 0.34 0.36 0.38 0.4  0.42 0.44 0.46 0.48 0.5  0.52 0.54 0.56
 0.58 0.6  0.62 0.64 0.66 0.68 0.7  0.72 0.74 0.76 0.78 0.8  0.82 0.84
 0.86 0.88 0.9  0.92 0.94 0.96 0.98]
q: 1e-10
xs
[0.09298642 0.16448594 0.16498644 0.16514109 0.18206679 0.18636804
 0.19384041 0.20299329 0.20899161 0.2092407  0.20957448 0.21223807
 0.21937369 0.21962891 0.22754639 0.22805411 0.23440029 0.23752321
 0.23917569 0.23918171 0.24266177 0.24418618 0.26608918 0.26858633
 0.27051225 0.27078297 0.28110534 0.28390844 0.28641188 0.2894412
 0.29275587 0.29683261 0.29863959 0.29969137 0.30615222 0.30879501
 0.31658317 0.31677668 0.32018144 0.32060385 0.32483308 0.3252757
 0.33081496 0.33142208 0.33151053 0.33186306 0.33467711 0.33844596
 0.34094288 0.34169192 0.34394505 0.34433374 0.35021407 0.36180685
 0.36306688 0.36353083 0.36398672 0.36408856 0.36415347 0.36537306
 0.36674437 0.37224481 0.37589595 0.37715075 0.38270323 0.38813476
 0.38944463 0.39022954 0.3991643  0.40009529 0.40192879 0.40582646
 0.40731812 0.41058904 0.41072495 0.41083286 0.41183352 0.41400144
 0.41512484 0.42120043 0.42523801 0.42814495 0.4349517  0.43580307
 0.43956449 0.44489145 0.44577914 0.44587397 0.44717305 0.45111759
 0.45199078 0.45515567 0.45570209 0.45865757 0.45874886 0.46302922
 0.46305452 0.46360753 0.46480736 0.46567736 0.46738213 0.46768307
 0.46800048 0.47778524 0.47973328 0.48236716 0.48363899 0.48501094
 0.48537765 0.48866397 0.49187539 0.49190981 0.49410181 0.49494024
 0.49495933 0.49530275 0.49773805 0.49971901 0.50020048 0.50650538
 0.50814499 0.50954034 0.51030844 0.51098439 0.51189089 0.51296526
 0.51555903 0.52087472 0.52151499 0.52220922 0.52230679 0.52646995
 0.52711242 0.53170573 0.53662461 0.53723059 0.53891901 0.53928047
 0.5395099  0.53958733 0.54007063 0.54094335 0.54176163 0.54177904
 0.54347362 0.54510994 0.54547511 0.54909033 0.54912431 0.54929462
 0.55047023 0.55345362 0.55372807 0.55512458 0.55536056 0.55624923
 0.55693819 0.55736702 0.55963909 0.56011275 0.56174728 0.56378056
 0.56618795 0.5683648  0.56975083 0.5714157  0.5717405  0.57396286
 0.57462306 0.57554911 0.57604649 0.57857087 0.57887437 0.58017134
 0.58105167 0.58311499 0.58383252 0.587679   0.58914256 0.59494732
 0.59518017 0.5973681  0.59833216 0.59882817 0.60114137 0.60305366
 0.60386971 0.60687064 0.60998062 0.61377359 0.61535111 0.61680302
 0.61708485 0.61994413 0.62337177 0.62413365 0.62459617 0.62792489
 0.6293402  0.63316333 0.63333264 0.6349587  0.6368437  0.63838292
 0.63857335 0.63913436 0.639892   0.64090908 0.6410626  0.64158251
 0.64499169 0.64538315 0.64582491 0.64817982 0.64936623 0.65009536
 0.65247865 0.6527119  0.65829693 0.65856816 0.65987055 0.6661317
 0.66725059 0.67064545 0.67148679 0.67173087 0.67189162 0.67486997
 0.67490317 0.67530869 0.67762966 0.67965265 0.67965996 0.67975085
 0.68258816 0.68309143 0.6836804  0.68453184 0.68526147 0.68579899
 0.68694669 0.68790158 0.68919174 0.69009268 0.69018156 0.6946677
 0.69654217 0.69782096 0.69790585 0.69824792 0.70150346 0.70221337
 0.70586133 0.70641097 0.70716024 0.70780884 0.71889009 0.71968222
 0.72281252 0.72533322 0.7270353  0.72718221 0.72721929 0.73030895
 0.73346752 0.73377129 0.73581307 0.73604781 0.73767343 0.73927515
 0.74507758 0.74825211 0.74945657 0.7511745  0.75367489 0.75795742
 0.75991021 0.76027149 0.76087968 0.76262193 0.76325389 0.763968
 0.76584582 0.76674732 0.76968214 0.76983401 0.77002538 0.77072516
 0.77135579 0.7720181  0.77468691 0.77609429 0.77634446 0.77738905
 0.77830004 0.78214594 0.78251358 0.78261837 0.78585938 0.78727693
 0.78787267 0.78823209 0.79009981 0.79450144 0.7961472  0.79816324
 0.8025009  0.80252188 0.80602577 0.81051176 0.81062362 0.81362439
 0.81404503 0.81612448 0.81655036 0.81757483 0.8183627  0.81883587
 0.81889276 0.82328542 0.82330476 0.82359105 0.82423679 0.82570255
 0.83091445 0.83308478 0.83483032 0.83486988 0.83693422 0.83828792
 0.83916457 0.83996583 0.8406806  0.84323736 0.84455453 0.84516274
 0.84902451 0.84914703 0.84916412 0.85444395 0.85456114 0.85832473
 0.85906481 0.86156539 0.86164773 0.86360703 0.86558975 0.86572899
 0.86636543 0.87438798 0.87451881 0.87630382 0.87737039 0.87915
 0.88406326 0.88581784 0.88853192 0.8906183  0.89484169 0.89535346
 0.89617573 0.89974221 0.9036846  0.90691096 0.90732785 0.91043546
 0.91250307 0.91297911 0.91737738 0.91759167 0.91836487 0.91918107
 0.92821827 0.93420814 0.93592845 0.94027688 0.94103228 0.9426083
 0.94332404 0.94673259 0.94976379 0.9506372  0.95092738 0.95720322
 0.95821427 0.9585599  0.95855991 0.95867522 0.95883095 0.96153624
 0.96247953 0.96291961 0.96708823 0.97091901 0.97217959 0.97374468
 0.97400984 0.97743338 0.97778691 0.97825912 0.98088838 0.98158377
 0.98244715 0.98470392 0.9863266  0.98735653 0.99278554 0.99478675
 0.99533395 0.99601481 0.99904661]
vs
[0.01999983 0.03999966 0.05999949 0.07999932 0.09999915 0.11999898
 0.13999881 0.15999864 0.17999847 0.1999983  0.21999813 0.23999796
 0.25999778 0.27999761 0.29999744 0.31999727 0.3399971  0.35999693
 0.37999676 0.39999659 0.41999642 0.43999625 0.45999608 0.47999591
 0.49999574 0.51999557 0.5399954  0.55999523 0.57999506 0.59999489
 0.61999472 0.63999455 0.65999438 0.67999421 0.69999404 0.71999387
 0.7399937  0.75999352 0.77999335 0.79999318 0.81999301 0.83999284
 0.85999267 0.8799925  0.89999233 0.91999216 0.93999199 0.95999182
 0.97999165 0.99999148 1.01999131 1.03999114 1.05999097 1.0799908
 1.09999063 1.11999046 1.13999029 1.15999012 1.17998995 1.19998978
 1.21998961 1.23998944 1.25998927 1.27998909 1.29998892 1.31998875
 1.33998858 1.35998841 1.37998824 1.39998807 1.4199879  1.43998773
 1.45998756 1.47998739 1.49998722 1.51998705 1.53998688 1.55998671
 1.57998654 1.59998637 1.6199862  1.63998603 1.65998586 1.67998569
 1.69998552 1.71998535 1.73998518 1.75998501 1.77998483 1.79998466
 1.81998449 1.83998432 1.85998415 1.87998398 1.89998381 1.91998364
 1.93998347 1.9599833  1.97998313 1.99998296 2.01998279 2.03998262
 2.05998245 2.07998228 2.09998211 2.11998194 2.13998177 2.1599816
 2.17998143 2.19998126 2.21998109 2.23998092 2.25998075 2.27998058
 2.2999804  2.31998023 2.33998006 2.35997989 2.37997972 2.39997955
 2.41997938 2.43997921 2.45997904 2.47997887 2.4999787  2.51997853
 2.53997836 2.55997819 2.57997802 2.59997785 2.61997768 2.63997751
 2.65997734 2.67997717 2.699977   2.71997683 2.73997666 2.75997649
 2.77997632 2.79997615 2.81997597 2.8399758  2.85997563 2.87997546
 2.89997529 2.91997512 2.93997495 2.95997478 2.97997461 2.99997444
 3.01997427 3.0399741  3.05997393 3.07997376 3.09997359 3.11997342
 3.13997325 3.15997308 3.17997291 3.19997274 3.21997257 3.2399724
 3.25997223 3.27997206 3.29997189 3.31997172 3.33997154 3.35997137
 3.3799712  3.39997103 3.41997086 3.43997069 3.45997052 3.47997035
 3.49997018 3.51997001 3.53996984 3.55996967 3.5799695  3.59996933
 3.61996916 3.63996899 3.65996882 3.67996865 3.69996848 3.71996831
 3.73996814 3.75996797 3.7799678  3.79996763 3.81996746 3.83996729
 3.85996711 3.87996694 3.89996677 3.9199666  3.93996643 3.95996626
 3.97996609 3.99996592 4.01996575 4.03996558 4.05996541 4.07996524
 4.09996507 4.1199649  4.13996473 4.15996456 4.17996439 4.19996422
 4.21996405 4.23996388 4.25996371 4.27996354 4.29996337 4.3199632
 4.33996303 4.35996286 4.37996268 4.39996251 4.41996234 4.43996217
 4.459962   4.47996183 4.49996166 4.51996149 4.53996132 4.55996115
 4.57996098 4.59996081 4.61996064 4.63996047 4.6599603  4.67996013
 4.69995996 4.71995979 4.73995962 4.75995945 4.77995928 4.79995911
 4.81995894 4.83995877 4.8599586  4.87995843 4.89995825 4.91995808
 4.93995791 4.95995774 4.97995757 4.9999574  5.01995723 5.03995706
 5.05995689 5.07995672 5.09995655 5.11995638 5.13995621 5.15995604
 5.17995587 5.1999557  5.21995553 5.23995536 5.25995519 5.27995502
 5.29995485 5.31995468 5.33995451 5.35995434 5.37995417 5.399954
 5.41995383 5.43995365 5.45995348 5.47995331 5.49995314 5.51995297
 5.5399528  5.55995263 5.57995246 5.59995229 5.61995212 5.63995195
 5.65995178 5.67995161 5.69995144 5.71995127 5.7399511  5.75995093
 5.77995076 5.79995059 5.81995042 5.83995025 5.85995008 5.87994991
 5.89994974 5.91994957 5.9399494  5.95994922 5.97994905 5.99994888
 6.01994871 6.03994854 6.05994837 6.0799482  6.09994803 6.11994786
 6.13994769 6.15994752 6.17994735 6.19994718 6.21994701 6.23994684
 6.25994667 6.2799465  6.29994633 6.31994616 6.33994599 6.35994582
 6.37994565 6.39994548 6.41994531 6.43994514 6.45994497 6.4799448
 6.49994462 6.51994445 6.53994428 6.55994411 6.57994394 6.59994377
 6.6199436  6.63994343 6.65994326 6.67994309 6.69994292 6.71994275
 6.73994258 6.75994241 6.77994224 6.79994207 6.8199419  6.83994173
 6.85994156 6.87994139 6.89994122 6.91994105 6.93994088 6.95994071
 6.97994054 6.99994037 7.01994019 7.03994002 7.05993985 7.07993968
 7.09993951 7.11993934 7.13993917 7.159939   7.17993883 7.19993866
 7.21993849 7.23993832 7.25993815 7.27993798 7.29993781 7.31993764
 7.33993747 7.3599373  7.37993713 7.39993696 7.41993679 7.43993662
 7.45993645 7.47993628 7.49993611 7.51993594 7.53993577 7.5599356
 7.57993542 7.59993525 7.61993508 7.63993491 7.65993474 7.67993457
 7.6999344  7.71993423 7.73993406 7.75993389 7.77993372 7.79993355
 7.81993338 7.83993321 7.85993304 7.87993287 7.8999327  7.91993253
 7.93993236 7.95993219 7.97993202 7.99993185 8.01993168 8.03993151
 8.05993134 8.07993117 8.099931   8.11993082 8.13993065 8.15993048
 8.17993031 8.19993014 8.21992997]
q: 1e-07
xs
[0.09297397 0.16445714 0.16496495 0.1651122  0.18203564 0.18633623
 0.19379235 0.20295946 0.2089553  0.20915091 0.20952098 0.21219264
 0.21937226 0.21957917 0.2274804  0.22799715 0.23431702 0.2374769
 0.23915789 0.23916724 0.24265884 0.24410591 0.26600785 0.26854252
 0.2704399  0.27071246 0.28104328 0.28385931 0.28640401 0.2894191
 0.29273938 0.2967823  0.29862198 0.29967604 0.30604487 0.30876335
 0.31657608 0.31666288 0.32016801 0.32057584 0.32481302 0.3252576
 0.33076225 0.33134969 0.33140506 0.33177393 0.33459372 0.33841472
 0.34087532 0.34167666 0.34391561 0.34431815 0.35013205 0.3617556
 0.36296013 0.36341451 0.36387219 0.36400912 0.36401236 0.36526427
 0.36671512 0.37217968 0.3758721  0.37705527 0.38266246 0.38809701
 0.38941801 0.39019639 0.39909039 0.40004601 0.40181909 0.40576491
 0.407308   0.41053104 0.41067379 0.41082446 0.41171737 0.41399968
 0.41507441 0.4210305  0.42519888 0.42808046 0.43494334 0.43574563
 0.43955069 0.44485665 0.44575086 0.44576722 0.44712622 0.45106656
 0.45187197 0.45497939 0.4556342  0.45864923 0.45869109 0.46298918
 0.46300298 0.46348594 0.46475288 0.4656708  0.46728944 0.46762899
 0.46799394 0.4777782  0.47963899 0.48232354 0.48354798 0.48491475
 0.48527723 0.48865465 0.49176256 0.49187056 0.49409073 0.49488573
 0.49489558 0.49526269 0.49769205 0.49965114 0.50018826 0.50648849
 0.50804997 0.50948344 0.51017254 0.51090972 0.51173765 0.51287879
 0.51544637 0.5207641  0.52149652 0.52208832 0.52222345 0.52638251
 0.5270704  0.53165297 0.53654513 0.53716335 0.53888692 0.5392051
 0.53940351 0.53943102 0.54004143 0.54093087 0.54162839 0.54165226
 0.54337428 0.54499514 0.54538783 0.54894371 0.54896734 0.54925573
 0.5504103  0.55338156 0.55368237 0.55490517 0.55527876 0.55617068
 0.55680689 0.55733656 0.55954303 0.55999859 0.56163571 0.56366885
 0.56602796 0.56834414 0.56962463 0.57125547 0.57161    0.57390649
 0.57451674 0.57547523 0.57601324 0.5785198  0.57863724 0.58014651
 0.5809484  0.58298373 0.58371723 0.58764666 0.58913934 0.59493359
 0.59503697 0.59713614 0.5982118  0.59868805 0.60108867 0.60295664
 0.60380352 0.60668457 0.60979549 0.61365402 0.61527135 0.61665827
 0.61699134 0.61983801 0.62330697 0.62392096 0.62454499 0.62782063
 0.629169   0.63305878 0.63314933 0.63489422 0.63674097 0.63832267
 0.63845405 0.63907825 0.63969261 0.64073801 0.64094908 0.64147047
 0.64486231 0.64521494 0.64556277 0.64813992 0.64926686 0.65000916
 0.6524021  0.65265439 0.65821779 0.65836415 0.65980144 0.66598933
 0.66712486 0.67048134 0.67125296 0.67166129 0.67169861 0.6746852
 0.67478932 0.6752556  0.67747124 0.6794034  0.67949461 0.67956178
 0.68257216 0.68300096 0.68366433 0.68443056 0.68525322 0.68561066
 0.68683588 0.68776205 0.68916757 0.69007449 0.6901108  0.69464929
 0.69640634 0.69780355 0.69785033 0.69813464 0.70129593 0.70203807
 0.70564939 0.70638778 0.70702897 0.70773007 0.71879842 0.71953797
 0.7227231  0.72527981 0.72693013 0.72711797 0.72716541 0.73024796
 0.73345657 0.73370289 0.73577745 0.7360016  0.73744769 0.73911256
 0.74492091 0.74810362 0.74933877 0.7511156  0.75357134 0.7578749
 0.75979179 0.76023542 0.76082801 0.76259174 0.76313062 0.76382092
 0.76579065 0.76657169 0.76963955 0.76974264 0.76995845 0.7707007
 0.77123515 0.77187422 0.77465289 0.77602784 0.77615994 0.77735881
 0.77814688 0.78199511 0.78225169 0.78247041 0.78575742 0.78711499
 0.78773213 0.78811383 0.79002839 0.79435198 0.79603999 0.79814054
 0.80235324 0.80247902 0.80580442 0.81047551 0.81057248 0.81329534
 0.81396317 0.8160288  0.81649868 0.81731307 0.81829866 0.8187707
 0.81884267 0.82310472 0.82318329 0.82348806 0.82407851 0.82550444
 0.83075273 0.83300888 0.83469439 0.83473245 0.83679738 0.83793764
 0.83905613 0.83977951 0.8405103  0.84317936 0.84450504 0.84487245
 0.84883894 0.84900158 0.84903367 0.85421308 0.85442543 0.8582241
 0.85880975 0.86138805 0.86163785 0.8635487  0.86547649 0.86552741
 0.86634817 0.87417358 0.87431631 0.87613739 0.87707713 0.87896337
 0.88389558 0.88578383 0.88837501 0.89031613 0.89466637 0.89530566
 0.89615401 0.8995708  0.90360651 0.90683271 0.90712746 0.9101968
 0.91244688 0.91286563 0.91721182 0.91752437 0.91832977 0.91903351
 0.92809953 0.93404186 0.93579406 0.94006858 0.94067143 0.94258685
 0.94320238 0.94649931 0.94954987 0.95058095 0.95085319 0.95703369
 0.95810587 0.95839703 0.95843091 0.95857361 0.95874279 0.96124706
 0.96237794 0.962768   0.96708421 0.97088991 0.97194851 0.97364665
 0.97396725 0.97729021 0.97768311 0.97813609 0.98086611 0.9814271
 0.98231266 0.9846378  0.98624281 0.98700249 0.99253852 0.99463506
 0.99514751 0.9957981  0.99886085]
vs
[0.01997858 0.03995717 0.05993575 0.07991433 0.09989292 0.1198715
 0.13985009 0.15982867 0.17980726 0.19978584 0.21976442 0.23974301
 0.2597216  0.27970018 0.29967877 0.31965735 0.33963594 0.35961452
 0.37959311 0.39957169 0.41955028 0.43952886 0.45950746 0.47948605
 0.49946463 0.51944322 0.53942181 0.5594004  0.57937898 0.59935757
 0.61933616 0.63931475 0.65929333 0.67927192 0.69925051 0.7192291
 0.73920769 0.75918628 0.77916486 0.79914345 0.81912204 0.83910063
 0.85907922 0.87905781 0.89903639 0.91901498 0.93899357 0.95897216
 0.97895075 0.99892934 1.01890792 1.03888651 1.0588651  1.0788437
 1.09882229 1.11880088 1.13877947 1.15875805 1.17873664 1.19871523
 1.21869382 1.23867241 1.25865101 1.27862959 1.29860819 1.31858678
 1.33856537 1.35854396 1.37852256 1.39850115 1.41847974 1.43845834
 1.45843693 1.47841552 1.49839411 1.51837269 1.53835128 1.55832988
 1.57830847 1.59828706 1.61826566 1.63824425 1.65822285 1.67820144
 1.69818004 1.71815863 1.73813722 1.75811581 1.7780944  1.798073
 1.81805159 1.83803019 1.85800878 1.87798737 1.89796596 1.91794456
 1.93792315 1.95790174 1.97788033 1.99785892 2.01783751 2.0378161
 2.05779469 2.0777733  2.09775189 2.11773049 2.13770908 2.15768767
 2.17766626 2.19764486 2.21762346 2.23760205 2.25758064 2.27755923
 2.29753782 2.31751641 2.33749501 2.3574736  2.37745219 2.3974308
 2.41740939 2.43738799 2.45736658 2.47734517 2.49732376 2.51730236
 2.53728095 2.55725956 2.57723815 2.59721674 2.61719533 2.63717393
 2.65715252 2.67713113 2.69710973 2.71708832 2.73706692 2.75704551
 2.7770241  2.79700269 2.81698128 2.83695988 2.85693847 2.87691706
 2.89689566 2.91687425 2.93685284 2.95683145 2.97681004 2.99678863
 3.01676722 3.03674582 3.05672441 3.07670301 3.0966816  3.11666019
 3.13663879 3.15661738 3.17659598 3.19657457 3.21655317 3.23653176
 3.25651036 3.27648896 3.29646756 3.31644615 3.33642475 3.35640335
 3.37638194 3.39636053 3.41633913 3.43631773 3.45629632 3.47627492
 3.49625351 3.51623211 3.5362107  3.55618931 3.57616791 3.59614652
 3.61612511 3.63610371 3.6560823  3.6760609  3.6960395  3.7160181
 3.73599669 3.7559753  3.7759539  3.79593251 3.8159111  3.8358897
 3.8558683  3.8758469  3.8958255  3.9158041  3.93578269 3.9557613
 3.9757399  3.99571851 4.0156971  4.0356757  4.0556543  4.0756329
 4.09561149 4.11559008 4.13556868 4.15554728 4.17552587 4.19550447
 4.21548307 4.23546167 4.25544026 4.27541886 4.29539746 4.31537606
 4.33535466 4.35533326 4.37531187 4.39529047 4.41526907 4.43524769
 4.45522628 4.47520489 4.49518349 4.51516208 4.53514068 4.55511929
 4.57509788 4.59507647 4.61505508 4.63503368 4.65501227 4.67499087
 4.69496948 4.71494807 4.73492667 4.75490527 4.77488386 4.79486246
 4.81484106 4.83481966 4.85479826 4.87477685 4.89475545 4.91473406
 4.93471267 4.95469127 4.97466986 4.99464846 5.01462707 5.03460566
 5.05458428 5.07456287 5.09454147 5.11452007 5.13449872 5.15447732
 5.17445593 5.19443454 5.21441314 5.23439173 5.25437033 5.27434894
 5.29432755 5.31430615 5.33428475 5.35426335 5.37424195 5.39422055
 5.41419918 5.43417779 5.45415639 5.474135   5.49411361 5.51409222
 5.53407083 5.55404943 5.57402803 5.59400663 5.61398523 5.63396383
 5.65394243 5.67392103 5.69389965 5.71387824 5.73385684 5.75383544
 5.77381404 5.79379264 5.81377125 5.83374985 5.85372845 5.87370705
 5.89368565 5.91366427 5.93364286 5.95362146 5.97360008 5.99357868
 6.01355728 6.03353588 6.05351448 6.07349311 6.09347171 6.11345032
 6.13342894 6.15340754 6.17338616 6.19336478 6.21334338 6.23332199
 6.25330059 6.2732792  6.2932578  6.3132364  6.333215   6.3531936
 6.3731722  6.39315082 6.41312942 6.43310802 6.45308662 6.47306522
 6.49304385 6.51302246 6.53300107 6.55297967 6.57295828 6.59293688
 6.61291549 6.63289409 6.65287269 6.6728513  6.69282991 6.71280851
 6.73278713 6.75276573 6.77274433 6.79272296 6.81270156 6.83268018
 6.85265878 6.8726374  6.892616   6.91259461 6.93257322 6.95255181
 6.97253042 6.99250907 7.01248767 7.03246628 7.05244488 7.07242349
 7.09240212 7.11238074 7.13235935 7.15233796 7.17231659 7.19229519
 7.2122738  7.23225242 7.25223105 7.27220967 7.29218827 7.31216689
 7.3321455  7.35212411 7.37210274 7.39208134 7.41205994 7.43203854
 7.45201721 7.47199585 7.49197446 7.51195309 7.5319317  7.55191031
 7.57188891 7.59186754 7.61184616 7.63182477 7.65180337 7.67178201
 7.69176062 7.71173922 7.73171782 7.75169642 7.77167502 7.79165364
 7.81163225 7.83161085 7.85158948 7.87156811 7.89154672 7.91152533
 7.93150393 7.95148256 7.97146116 7.99143977 8.01141839 8.03139699
 8.0513756  8.07135422 8.09133283 8.11131143 8.13129008 8.1512687
 8.1712473  8.1912259  8.21120453]
q: 0.0001
xs
[0.09292532 0.15355231 0.16488591 0.16499318 0.16958464 0.17450651
 0.19354735 0.2028183  0.20859863 0.20880084 0.20925268 0.21197894
 0.21818031 0.21934416 0.22712383 0.22771954 0.22814416 0.23233151
 0.23385085 0.23727551 0.24107001 0.24365051 0.26556262 0.26836506
 0.2700611  0.27036949 0.2807458  0.28142399 0.28295637 0.28365488
 0.28726785 0.29487087 0.29577721 0.29657098 0.30217035 0.30309316
 0.3054276  0.31231635 0.31600883 0.31730694 0.32331838 0.32373532
 0.32526008 0.32573981 0.32745259 0.3303623  0.33117377 0.33130567
 0.3341801  0.34057925 0.34183319 0.34190904 0.34972651 0.35069616
 0.3513285  0.35376194 0.35672033 0.35749901 0.36100269 0.36207004
 0.36317774 0.36469132 0.36479356 0.37658405 0.37716079 0.3794715
 0.37950548 0.38629105 0.38680505 0.3905634  0.3936816  0.39719605
 0.39755659 0.40125382 0.40520622 0.40801023 0.40883546 0.41071927
 0.41112175 0.41200333 0.41329418 0.4219477  0.42610207 0.42800228
 0.42851909 0.42877943 0.43924604 0.44432524 0.44505551 0.4451335
 0.44994026 0.4512841  0.45327565 0.45397316 0.45404096 0.45634784
 0.45656925 0.45713051 0.45897552 0.45961642 0.46089532 0.46185104
 0.46408832 0.46838491 0.46919197 0.4702265  0.47815639 0.480237
 0.48184044 0.48213304 0.48230262 0.48239183 0.48546435 0.48558584
 0.48678216 0.48724989 0.48771606 0.48907229 0.49317137 0.49512995
 0.49818356 0.50435934 0.5074859  0.50943919 0.51039825 0.51092031
 0.51356213 0.51373427 0.51471973 0.51561916 0.51636821 0.51963159
 0.52127726 0.52150978 0.52212501 0.52373682 0.52460415 0.52759243
 0.52928614 0.52933702 0.53247244 0.53389147 0.53429077 0.53520915
 0.5378543  0.53831528 0.53861167 0.54054591 0.54144259 0.5415009
 0.54160362 0.54168115 0.54185916 0.54336943 0.54362261 0.54590602
 0.54650718 0.54704419 0.55039332 0.55145621 0.55260314 0.55300097
 0.55550085 0.55691763 0.55820061 0.55879088 0.5609504  0.56147848
 0.56569397 0.56707496 0.56835146 0.57014294 0.57081207 0.57154429
 0.5762768  0.57670702 0.57724277 0.57744692 0.57954933 0.58136508
 0.58202406 0.58817779 0.58893685 0.59581967 0.59609722 0.59655326
 0.59677285 0.5983824  0.60197494 0.60402734 0.60433056 0.60572118
 0.60650084 0.60858938 0.60949893 0.61169452 0.61720119 0.62153014
 0.62275714 0.6236173  0.62610322 0.62742451 0.627849   0.62874326
 0.63100402 0.63135008 0.63203591 0.63225574 0.63340095 0.63439753
 0.6350913  0.63525971 0.64099805 0.64187495 0.64264232 0.64285113
 0.6434508  0.64400966 0.64955064 0.65255012 0.65338122 0.65415903
 0.65506747 0.65566786 0.65706588 0.66058148 0.66343463 0.66377446
 0.66383963 0.66524773 0.66619807 0.66729377 0.66794942 0.66858423
 0.66966373 0.67207956 0.67270254 0.67296125 0.67432899 0.6751113
 0.67530631 0.67738002 0.67836072 0.67849109 0.68198876 0.68336927
 0.68415832 0.68574162 0.6934151  0.69424112 0.69893298 0.69977418
 0.70076084 0.70097742 0.7015549  0.7016891  0.70950957 0.71091616
 0.71293343 0.71355341 0.71741853 0.71743269 0.71838581 0.71972125
 0.7197942  0.71997797 0.72236972 0.72384561 0.72959263 0.73429004
 0.7350346  0.73586188 0.73651612 0.7379042  0.74759926 0.74887829
 0.75120572 0.75284147 0.75331811 0.75387621 0.75418213 0.75438962
 0.75502513 0.75574631 0.75661296 0.7596431  0.75976406 0.76197608
 0.76285635 0.76357437 0.76397344 0.76441489 0.76672497 0.76962406
 0.77071032 0.77225371 0.77231654 0.7723447  0.77616397 0.77834881
 0.77856275 0.77964942 0.78054886 0.7824513  0.78491526 0.78810852
 0.79225697 0.79549789 0.79672943 0.79722224 0.80159872 0.80286687
 0.80303493 0.80355681 0.80456797 0.80509302 0.8065074  0.80688635
 0.8075076  0.80766079 0.80969572 0.80984749 0.81611085 0.81674933
 0.82016982 0.82254906 0.82258785 0.82504942 0.82575461 0.82711421
 0.82740607 0.8280095  0.83204579 0.8338838  0.83590531 0.83613573
 0.8386583  0.83969381 0.84053397 0.84089086 0.84223982 0.84286142
 0.84315184 0.84453346 0.85021076 0.85181753 0.85215138 0.85259516
 0.8552117  0.8581015  0.85955221 0.86008894 0.86050532 0.86795502
 0.87212721 0.87293669 0.8752133  0.87820808 0.88164562 0.88396183
 0.88717713 0.89558518 0.89577623 0.8960243  0.89725169 0.89933507
 0.90078184 0.90243375 0.90434124 0.90473348 0.90535523 0.91008856
 0.91047887 0.91250955 0.9151717  0.92694545 0.92957594 0.92970421
 0.93100217 0.93258912 0.93336972 0.9336167  0.93434729 0.93468066
 0.93558812 0.9399392  0.94161832 0.94414294 0.94537103 0.95055941
 0.95168108 0.95415959 0.95563872 0.95714263 0.961754   0.96241999
 0.96314185 0.96340347 0.96407336 0.96426881 0.96626346 0.96805869
 0.97038254 0.97086735 0.97268533 0.97301787 0.97302641 0.97561179
 0.97569867 0.98285014 0.98389038 0.98547618 0.98793881 0.98858697
 0.98890116 0.99296285 0.99453151 0.9991149 ]
vs
[0.01772686 0.03545571 0.05318413 0.07091218 0.0886406  0.10636921
 0.12409961 0.14182935 0.15955887 0.17728767 0.19501652 0.21274583
 0.23047598 0.24820517 0.26593603 0.28366526 0.30139446 0.31912478
 0.33685442 0.35458472 0.37231527 0.39004551 0.40778316 0.42551397
 0.44324442 0.46097433 0.47870873 0.49643899 0.51416969 0.53190002
 0.54963187 0.56736594 0.58509662 0.60282727 0.62056071 0.63829156
 0.65602331 0.67375798 0.69149083 0.70922222 0.72695684 0.74468778
 0.76241953 0.78015056 0.79788253 0.81561546 0.83334686 0.85107774
 0.86881085 0.88654696 0.90427895 0.92200998 0.93974777 0.95747972
 0.9752114  0.99294477 1.0106787  1.02841065 1.04614528 1.06387761
 1.08161002 1.09934288 1.11707432 1.1348181  1.15255025 1.17028431
 1.18801593 1.20575511 1.22348739 1.24122343 1.25895884 1.27669483
 1.29442714 1.31216353 1.32990035 1.34763587 1.36536897 1.38310346
 1.40083608 1.41856934 1.43630318 1.45404702 1.47178499 1.48951997
 1.50725307 1.52498583 1.54273324 1.56047317 1.5782069  1.59593967
 1.61367955 1.63141433 1.64915015 1.66688403 1.68461694 1.7023534
 1.7200866  1.73782036 1.75555624 1.77329018 1.79102521 1.80875974
 1.82649648 1.84423683 1.86197127 1.87970614 1.89745321 1.91519012
 1.93292624 1.95066004 1.96839362 1.98612706 2.00386607 2.02159962
 2.03933522 2.05706947 2.07480372 2.09253973 2.11028116 2.12801849
 2.14575807 2.16350403 2.18124401 2.19898169 2.21671739 2.23445222
 2.2521915  2.26992565 2.28766154 2.30539728 2.32313272 2.34087367
 2.35861117 2.3763456  2.39408089 2.41181844 2.42955436 2.44729513
 2.46503303 2.4827672  2.50050854 2.51824597 2.53598104 2.55371735
 2.57145782 2.58919312 2.60692804 2.62466697 2.64240341 2.6601378
 2.67787231 2.69560676 2.71334146 2.73107955 2.74881448 2.76655465
 2.78429053 2.80202626 2.81976938 2.83750659 2.85524405 2.87297955
 2.89072071 2.90845902 2.92619702 2.94393316 2.96167365 2.97940968
 2.99715601 3.01489453 3.03263281 3.05037258 3.06810921 3.08584605
 3.10359446 3.12133053 3.13906693 3.15680237 3.17454342 3.19228369
 3.21002056 3.22777395 3.24551126 3.26326718 3.28100318 3.29873973
 3.31647556 3.33421572 3.3519621  3.36970378 3.38744002 3.40517971
 3.42291751 3.44065951 3.45839779 3.47614026 3.49389356 3.5116432
 3.5293828  3.54712122 3.56486507 3.58260512 3.60034221 3.61808089
 3.63582423 3.65356113 3.67129921 3.6890357  3.7067754  3.72451462
 3.74225282 3.7599892  3.77774516 3.79548414 3.81322277 3.83095943
 3.8486975  3.86643545 3.8841914  3.90193832 3.91967743 3.93741637
 3.95515582 3.97289417 3.99063549 4.00838475 4.02613165 4.04386919
 4.0616057  4.07934731 4.09708722 4.11482772 4.13256657 4.15030536
 4.16804589 4.18579166 4.2035305  4.22126793 4.23900974 4.25674928
 4.27448651 4.29223124 4.30997166 4.3277087  4.34545934 4.36320151
 4.38094132 4.3986844  4.41645254 4.4341927  4.45194889 4.46968924
 4.48743022 4.505168   4.52290731 4.54064477 4.55841481 4.57615782
 4.59390348 4.61164322 4.62939694 4.64713416 4.66487545 4.68261843
 4.70035594 4.71809394 4.73584166 4.75358542 4.77134818 4.78910645
 4.80684721 4.82458836 4.84232877 4.86007251 4.87785397 4.89559744
 4.91334575 4.93109096 4.94883089 4.96657121 4.98431038 5.00204911
 5.01978984 5.03753099 5.05527285 5.07302494 5.09076336 5.10851172
 5.1262538  5.14399514 5.16173497 5.17947502 5.19722411 5.21497613
 5.23271943 5.250465   5.26820336 5.28594156 5.30369845 5.32144738
 5.3391866  5.35693018 5.37467285 5.39242059 5.41017121 5.42792559
 5.44568491 5.46343976 5.48118448 5.49892546 5.51668638 5.53443145
 5.55217088 5.56991215 5.58765597 5.6053973  5.62314329 5.6408839
 5.6586258  5.67636525 5.69411466 5.71185414 5.72962619 5.74736838
 5.76512551 5.78287715 5.80061625 5.81836845 5.83611121 5.85385755
 5.8715981  5.88934037 5.90710152 5.92485069 5.94260093 5.96034132
 5.97809445 5.99583937 6.01358324 6.03132443 6.0490712  6.06681392
 6.08455479 6.10230185 6.12007341 6.13782192 6.1555632  6.17330513
 6.19105957 6.20881568 6.22656355 6.24430616 6.26204809 6.27983111
 6.29759517 6.31533963 6.33309276 6.3508502  6.36861036 6.38636397
 6.40412302 6.42191318 6.43965441 6.457396   6.47514348 6.49289618
 6.51064509 6.5283953  6.54614711 6.56388974 6.58163379 6.59940309
 6.61714582 6.63489868 6.65265552 6.67046896 6.68822593 6.70596738
 6.72371615 6.74146677 6.75921238 6.77695465 6.79469999 6.81244283
 6.83018933 6.84795779 6.86570933 6.88346634 6.90121511 6.9189894
 6.93673763 6.95449468 6.97224533 6.98999618 7.00776734 7.02551287
 7.04325879 7.06100172 7.07874733 7.09648985 7.11424426 7.13199743
 7.14975416 7.16749872 7.1852522  7.20299579 7.22073722 7.23849599
 7.25623798 7.27402777 7.29177635 7.30952868 7.32728703 7.34503307
 7.36277685 7.38054635 7.39829884 7.41607217]
q: 0.01
xs
[0.04604941 0.08262969 0.0895192  0.0896792  0.08994649 0.09598395
 0.09598967 0.09784346 0.10724733 0.10841764 0.11159108 0.12064106
 0.1207017  0.12112319 0.14277613 0.14683119 0.14893844 0.14971148
 0.1507924  0.15216419 0.15626096 0.15717767 0.15778024 0.15998049
 0.16006503 0.16358268 0.16410596 0.17114022 0.17731355 0.17746615
 0.17776393 0.17926468 0.17999695 0.18251492 0.18274806 0.18321666
 0.18736096 0.18886391 0.18999333 0.19013431 0.19223397 0.19357435
 0.19429163 0.19474314 0.19515165 0.19806335 0.19810629 0.19934717
 0.19950136 0.20056314 0.20080594 0.20263634 0.20545717 0.20607665
 0.2062851  0.2065348  0.20707039 0.20975764 0.21063123 0.21140774
 0.21246364 0.21403177 0.21536342 0.21701147 0.21729081 0.21735347
 0.21754305 0.21807853 0.22015321 0.22442739 0.225196   0.22804126
 0.22821955 0.22961071 0.22965272 0.22983877 0.22998226 0.23049698
 0.2325758  0.23961909 0.23989824 0.24098277 0.24279443 0.24377168
 0.24666055 0.24693651 0.24807212 0.24814002 0.24871697 0.25021599
 0.25095363 0.25272926 0.25307855 0.25737443 0.25757044 0.25892606
 0.26045292 0.26187348 0.26197594 0.26213719 0.26321586 0.2638483
 0.26416412 0.26443104 0.26613065 0.26694302 0.26710754 0.2682834
 0.2686056  0.2698253  0.27012059 0.27026801 0.27128506 0.27441608
 0.27626791 0.27635605 0.27686003 0.27702244 0.2785901  0.28206941
 0.28381415 0.28533086 0.28826432 0.2892103  0.28927825 0.29001223
 0.29049046 0.2916263  0.29285153 0.29311832 0.29385736 0.29401686
 0.29441965 0.29593249 0.2995029  0.30028858 0.30145999 0.30255148
 0.30413581 0.30574005 0.30750686 0.30809621 0.30914861 0.30994619
 0.31109568 0.3115538  0.31189006 0.31288456 0.3148793  0.31563624
 0.31623184 0.3166349  0.31701257 0.31729343 0.31804785 0.31973827
 0.32015746 0.32259527 0.32284847 0.32415854 0.32428056 0.32540857
 0.32595886 0.33145506 0.33176397 0.33177732 0.33195673 0.33276233
 0.33387984 0.33514888 0.3354512  0.33573336 0.33597512 0.33700481
 0.33725387 0.33958739 0.34285648 0.34320934 0.34352237 0.343862
 0.34386418 0.34481575 0.34599233 0.34657599 0.34789261 0.34792646
 0.34802216 0.34846222 0.34895077 0.34913279 0.34972163 0.35132397
 0.35281164 0.35444627 0.35623448 0.35748516 0.36005646 0.3607257
 0.36150737 0.36391369 0.36402971 0.36434176 0.36567185 0.36583455
 0.36819041 0.36834819 0.36888205 0.36891263 0.36902799 0.37124467
 0.3717621  0.37311758 0.374797   0.37637453 0.37643227 0.3768701
 0.380349   0.38337669 0.38526801 0.38537214 0.38542097 0.38616931
 0.39026912 0.3905239  0.390568   0.39345128 0.39422524 0.39634125
 0.39738412 0.39862789 0.40100372 0.40132942 0.40145835 0.40214059
 0.40338308 0.40364215 0.40584148 0.40659759 0.4073208  0.40740722
 0.40903008 0.40983057 0.41025987 0.4120853  0.41443462 0.41486686
 0.415368   0.41629189 0.41683061 0.41811284 0.41968326 0.42030621
 0.4213738  0.42234598 0.42281952 0.42339655 0.42367247 0.42390761
 0.42424642 0.42574895 0.4268233  0.4271208  0.42788466 0.42798971
 0.42908778 0.43110623 0.4311645  0.43165556 0.43457365 0.43493842
 0.43538817 0.43601375 0.43676992 0.4367761  0.43985836 0.44034906
 0.44064187 0.44129355 0.44217143 0.44251559 0.44563876 0.44797261
 0.4480202  0.44849035 0.44935904 0.4497763  0.45022184 0.45041134
 0.45186644 0.45374129 0.45472386 0.45495754 0.45718665 0.45764985
 0.4592448  0.45968782 0.45988129 0.46005732 0.46084953 0.46140462
 0.46360634 0.46414055 0.46558943 0.46571103 0.46612249 0.46707145
 0.46709684 0.46764121 0.46849008 0.46888784 0.4705131  0.47234919
 0.4748105  0.47549085 0.47589687 0.47701863 0.47788564 0.47802545
 0.47823402 0.47843551 0.47900116 0.47940137 0.48123913 0.48364863
 0.48383679 0.48560201 0.48574056 0.48723994 0.4874021  0.48810946
 0.48932082 0.48938778 0.48983239 0.49051671 0.49057936 0.4910468
 0.49194039 0.49385552 0.49391097 0.49450674 0.49561975 0.496098
 0.49677676 0.49773588 0.4991656  0.50072638 0.50137631 0.50242351
 0.50486055 0.50640169 0.50679829 0.50900443 0.51252653 0.51539351
 0.51766392 0.51951123 0.52034952 0.52046578 0.52283671 0.52389937
 0.52468973 0.52747732 0.52821325 0.53020418 0.53068367 0.53248044
 0.53259233 0.53535238 0.53550852 0.5361305  0.53781284 0.5392377
 0.53957981 0.54067236 0.54117268 0.54127225 0.54135827 0.54263389
 0.54317676 0.54441903 0.54599549 0.54824978 0.54907834 0.54968504
 0.55301823 0.55508875 0.55565971 0.56059401 0.56111633 0.56188309
 0.56500017 0.5691686  0.57036091 0.57370634 0.57478577 0.57491097
 0.57591195 0.57624584 0.57764718 0.58086545 0.58094165 0.58130099
 0.58253224 0.58266373 0.58568041 0.58610866 0.58765669 0.59035253
 0.59087419 0.59211516 0.59268691 0.59429098 0.59723222 0.5989568
 0.5993812  0.60244406 0.60315033 0.60414869 0.60647493 0.60883585
 0.61412923 0.61450393 0.61482294 0.61541827 0.61691839 0.61990769
 0.62269848 0.6300246  0.63325809 0.64010847 0.64053207 0.64556466
 0.65183273 0.65811189 0.66045637 0.66144266 0.66412307 0.6670263
 0.66714314 0.66896611 0.67138923 0.67204008 0.67224126 0.6743055
 0.67493902 0.67825596 0.68026519 0.68243487 0.68394809 0.68528076
 0.68567103 0.68594612 0.6864743  0.69295625 0.69314339 0.69650127
 0.69981229 0.70179318 0.7040645  0.70594962 0.70632378 0.7092729
 0.70938169 0.7164284  0.71779746 0.71953481 0.71978633 0.72038406
 0.72103928 0.73427084 0.73966886 0.74370679 0.74698696 0.75046797
 0.75087824 0.75182655 0.75955016 0.78046956 0.78407903 0.79402465
 0.79601303 0.79808983 0.80275158 0.80665796 0.80970162 0.8135465
 0.81501201 0.82219877 0.82884209 0.83640006 0.83726045 0.8398708
 0.85047558 0.85851386 0.8631689  0.87854114 0.88180753 0.88914994]
vs
[0.00673316 0.01348911 0.02024011 0.02698702 0.03373419 0.04049233
 0.04724107 0.05399442 0.06077014 0.06752603 0.07428953 0.08107704
 0.08783371 0.09459199 0.10145008 0.10823371 0.11500952 0.12177914
 0.12855107 0.1353255  0.1421187  0.14889256 0.15566475 0.1624493
 0.16921869 0.17601606 0.18279033 0.18962201 0.19645029 0.20322587
 0.21000295 0.21679229 0.22357461 0.23037642 0.23715476 0.24393589
 0.25075993 0.25755513 0.2643467  0.27112659 0.27793173 0.2847282
 0.29151711 0.29830281 0.30508818 0.3119099  0.31869119 0.32549052
 0.33227395 0.33907169 0.34585701 0.35266837 0.35949733 0.36629079
 0.37307755 0.37986517 0.38665805 0.39349041 0.4002909  0.4070901
 0.41389515 0.42071082 0.4275228  0.43434197 0.44113426 0.44792224
 0.45471292 0.46151111 0.46834296 0.47522445 0.4820305  0.48888397
 0.49567812 0.50250055 0.50929209 0.51608709 0.52288117 0.52968445
 0.53652684 0.54349528 0.55029608 0.55711779 0.56395915 0.57077963
 0.57765178 0.58445514 0.59128218 0.5980804  0.6048929  0.61173185
 0.61854997 0.62539856 0.63220658 0.63913144 0.64593657 0.65277681
 0.65962314 0.66646715 0.67327102 0.68007681 0.68691184 0.69373323
 0.70054477 0.7073549  0.71421252 0.72104162 0.72784944 0.73469171
 0.74150546 0.74835047 0.75516396 0.76197244 0.76881191 0.77572785
 0.78259949 0.78940792 0.79623171 0.80304314 0.8099073  0.81684464
 0.82371812 0.83058396 0.83750561 0.84435153 0.85116349 0.85800192
 0.86483058 0.87168604 0.87854586 0.88536722 0.89220822 0.8990256
 0.90585327 0.91272804 0.91969126 0.92653744 0.93340077 0.94026137
 0.94714424 0.95402899 0.96092198 0.9677634  0.97462606 0.98147782
 0.98834616 0.99518342 1.00201533 1.00887815 1.01578857 1.02264174
 1.0294877  1.03632481 1.04316096 1.04999264 1.05684763 1.06374915
 1.0705888  1.07752929 1.08436179 1.09124777 1.09807427 1.10495223
 1.11180121 1.11890639 1.12574507 1.13256846 1.13940062 1.14626607
 1.15314866 1.16004009 1.16688017 1.17371934 1.18055649 1.18743705
 1.19427515 1.20122918 1.20823696 1.21508298 1.22192698 1.22877268
 1.23559932 1.2424805  1.24937528 1.25623637 1.26314064 1.26997041
 1.27680386 1.28365781 1.29051492 1.29735396 1.30421765 1.31114315
 1.31806268 1.32499216 1.33193214 1.33883998 1.34583079 1.35270428
 1.35958526 1.36656938 1.3734096  1.38026239 1.38718068 1.39402457
 1.40101063 1.4078551  1.41472427 1.42156069 1.42840274 1.43538431
 1.44225398 1.44918013 1.45612895 1.46307195 1.46991266 1.47677936
 1.48385496 1.4909017  1.49787168 1.50471852 1.51156157 1.51845375
 1.5255828  1.53244203 1.53928643 1.54633384 1.5532316  1.56022667
 1.56714534 1.57407929 1.58109679 1.58796528 1.59481946 1.6017147
 1.60865205 1.61551673 1.62252713 1.6294302  1.63633126 1.6431844
 1.65015482 1.65706327 1.66394366 1.67093219 1.67796254 1.68484503
 1.6917332  1.69865488 1.70554678 1.71249789 1.71947273 1.72637294
 1.73330919 1.74023843 1.74712802 1.7540263  1.76090043 1.7677714
 1.77465103 1.78162673 1.78856799 1.79544544 1.80236194 1.80922381
 1.81616914 1.82319275 1.83005179 1.83694763 1.8440507  1.85093712
 1.85783108 1.86474048 1.87166158 1.87851802 1.88564264 1.89254246
 1.89942521 1.90633979 1.91327478 1.92016295 1.92729897 1.93436641
 1.94123014 1.94813196 1.95507011 1.96196785 1.96886844 1.97574592
 1.98273954 1.98977271 1.99672471 2.00360795 2.01067685 2.01758244
 2.02459426 2.03149891 2.03838031 2.04526019 2.05219865 2.05911504
 2.06618909 2.07310471 2.08010864 2.08698542 2.09389034 2.10084773
 2.10771572 2.11463447 2.12158343 2.12848854 2.13551511 2.1425636
 2.14967542 2.15661123 2.16352004 2.17050093 2.17745689 2.18433996
 2.19123008 2.19811962 2.20504642 2.21195665 2.21901463 2.22613264
 2.23302285 2.24007651 2.2469623  2.25399001 2.26087888 2.26782502
 2.27482463 2.28170427 2.28862392 2.2955693  2.30244893 2.30937183
 2.31634066 2.3234198  2.3302998  2.33723822 2.34423309 2.35115966
 2.35810841 2.36508824 2.3721203  2.3791677  2.38611561 2.3931079
 2.40025509 2.40730415 2.41422643 2.42135155 2.42862586 2.43582869
 2.44296601 2.45005686 2.45703428 2.46392997 2.47108333 2.47808833
 2.48506272 2.49226776 2.49923752 2.50635318 2.51329448 2.5203896
 2.52728899 2.53449876 2.54140433 2.54836489 2.55545113 2.56250796
 2.56943706 2.57645578 2.58340447 2.59030547 2.59720491 2.60424764
 2.61120273 2.61824283 2.6253243  2.63248929 2.63948174 2.64644757
 2.65374832 2.6608959  2.66785984 2.67536384 2.68232389 2.68931467
 2.69659896 2.70401675 2.7110642  2.71838304 2.72541851 2.73233412
 2.73936074 2.74630329 2.75338194 2.76069342 2.7676049  2.77455276
 2.78161298 2.7885322  2.79582445 2.80278322 2.80988774 2.81714277
 2.82411565 2.83118302 2.83816337 2.8452799  2.85257383 2.85970881
 2.86667257 2.87398719 2.88098989 2.88803206 2.89525262 2.90247935
 2.91010218 2.91706507 2.92402068 2.93101393 2.93813049 2.94545082
 2.95274601 2.96066383 2.96802497 2.97588588 2.98286497 2.99048155
 2.99827279 3.00606983 3.01332289 3.0203878  3.02769051 3.03502625
 3.04197197 3.04915829 3.05643061 3.06345348 3.07041293 3.07763761
 3.08465959 3.09206558 3.09928638 3.10653154 3.1136836  3.12081061
 3.12780218 3.13477731 3.14178939 3.14966874 3.15663365 3.16406251
 3.17148674 3.17871766 3.18599267 3.19321214 3.20020927 3.20758851
 3.21454751 3.22254017 3.22968974 3.23689532 3.24387917 3.25091522
 3.25796032 3.26690498 3.27467306 3.2822384  3.28969119 3.29717678
 3.30419553 3.31129692 3.31943864 3.32961665 3.33713927 3.34564431
 3.35292265 3.36021603 3.3679133  3.37549583 3.38294604 3.39052389
 3.3977305  3.40583891 3.41386656 3.42204353 3.42916371 3.4365625
 3.44523628 3.45350791 3.46124372 3.47070211 3.47822477 3.48640661]
q: 0.05
xs
[-0.         -0.          0.02198717  0.02309642  0.02925851  0.02953023
  0.03107982  0.03311931  0.03413434  0.0362245   0.03705718  0.04358397
  0.04525461  0.04846003  0.05335678  0.0552689   0.05908908  0.05944524
  0.06113678  0.06163816  0.0640041   0.06431706  0.06524896  0.06539542
  0.06712164  0.06983211  0.07040674  0.07466841  0.07542257  0.07943547
  0.08011962  0.08030445  0.08072986  0.08100109  0.08104982  0.0810577
  0.08126989  0.08364474  0.08370797  0.08391122  0.08412082  0.08482744
  0.08512714  0.08561549  0.08587604  0.08591658  0.08634574  0.08735855
  0.08742978  0.08783792  0.08867323  0.08890343  0.08964651  0.09094246
  0.09107594  0.09126408  0.09172499  0.09223127  0.09266263  0.09314123
  0.09398671  0.09414451  0.09549413  0.09590778  0.09594138  0.09641306
  0.09713343  0.09756623  0.09785104  0.09894934  0.10093607  0.10229085
  0.10233746  0.10316633  0.10421452  0.10451915  0.10476131  0.10557541
  0.10589308  0.10677898  0.1069404   0.10706442  0.10752454  0.10757552
  0.10821504  0.1090301   0.10906487  0.10957587  0.109614    0.11051918
  0.111069    0.11198094  0.11321369  0.11380743  0.11391905  0.11407765
  0.1143648   0.11496398  0.1161083   0.1177576   0.11776765  0.11853733
  0.11961277  0.1197473   0.12133725  0.12183341  0.12337796  0.12380936
  0.12424669  0.12572696  0.1266324   0.12791384  0.12934153  0.12995849
  0.13005249  0.13053488  0.1308262   0.1309511   0.13164617  0.13174359
  0.13309332  0.13452942  0.13506394  0.13575277  0.13613274  0.13827465
  0.13895978  0.13962496  0.14012831  0.14049072  0.14220287  0.14230064
  0.142676    0.14300099  0.14354251  0.14381586  0.14395086  0.14417942
  0.14419254  0.14425216  0.14471701  0.14538635  0.14543866  0.14553462
  0.14614345  0.14622683  0.1470551   0.1475184   0.14781271  0.14804604
  0.14822377  0.14839031  0.14869759  0.14914011  0.14933947  0.1493867
  0.14970576  0.15116751  0.15147379  0.15153297  0.15160584  0.15289458
  0.1551772   0.15724457  0.15754825  0.15788362  0.15874311  0.15917951
  0.15963088  0.15977186  0.1607735   0.1615329   0.16164463  0.16253963
  0.16340461  0.16348263  0.16361802  0.16368628  0.16421804  0.16475117
  0.16501723  0.16531651  0.16755483  0.16797554  0.16810998  0.1681221
  0.16819191  0.16826475  0.1688064   0.170589    0.17106664  0.17182869
  0.17206456  0.1724027   0.17260268  0.17280135  0.17291329  0.17296208
  0.17410072  0.1742942   0.17489624  0.17639366  0.17643747  0.17694619
  0.17719794  0.177245    0.17727302  0.17784343  0.17787947  0.17805494
  0.17900969  0.17934989  0.17995522  0.18003161  0.18009627  0.18051257
  0.18223328  0.18227662  0.18263068  0.18416809  0.18486426  0.18494878
  0.18505764  0.18557867  0.18568603  0.18646512  0.18648552  0.18649333
  0.18700891  0.18762575  0.18783091  0.187892    0.18795406  0.18835574
  0.18878292  0.18905274  0.18943395  0.18952849  0.18968602  0.18996863
  0.1901767   0.19135552  0.19172049  0.19238064  0.19278066  0.19328993
  0.19364138  0.19440455  0.19501984  0.19527606  0.19568979  0.19677336
  0.19684711  0.19726172  0.19815793  0.19887567  0.19975738  0.19990667
  0.20036542  0.20113426  0.20128732  0.20146894  0.20165743  0.20202603
  0.20208547  0.20411948  0.20462757  0.2049741   0.20549536  0.2060543
  0.20608898  0.2061097   0.20635347  0.20639541  0.20804337  0.20822976
  0.20836892  0.20866343  0.20875409  0.20968443  0.21053916  0.21184001
  0.21291903  0.21351996  0.21384724  0.2141791   0.21516152  0.21522637
  0.21558618  0.21564656  0.21586885  0.2166871   0.21707025  0.21741427
  0.2174518   0.21757887  0.21758376  0.21923147  0.21940782  0.21959725
  0.21966164  0.22001278  0.22013365  0.22083753  0.22091467  0.22141278
  0.22344934  0.22429868  0.22486411  0.22494611  0.22653588  0.22660638
  0.22665309  0.2273154   0.22771617  0.22880238  0.23076042  0.23168248
  0.23223943  0.23248325  0.23302067  0.23352424  0.23433595  0.23462499
  0.23496652  0.23526638  0.23576484  0.23586988  0.23614728  0.23627883
  0.23643189  0.2375791   0.23804955  0.23903857  0.23964031  0.2403105
  0.24032874  0.24066894  0.24122684  0.24185455  0.24201018  0.24235655
  0.24363041  0.24509126  0.24538423  0.24576836  0.24735075  0.24788983
  0.24807905  0.2484338   0.2484811   0.24915005  0.24925232  0.24971988
  0.25074513  0.25117414  0.25149126  0.25190572  0.25259688  0.2542046
  0.25449295  0.25585007  0.25705356  0.25710517  0.25718304  0.25738153
  0.25762922  0.25767215  0.25776615  0.25793026  0.25829863  0.25924481
  0.25950826  0.25988281  0.26019553  0.26060186  0.26116712  0.261779
  0.26194009  0.26282547  0.26289649  0.26358431  0.26424354  0.26444527
  0.26466677  0.26501437  0.26653231  0.26681259  0.26735676  0.26860742
  0.26930539  0.26966523  0.2713442   0.27236164  0.27278142  0.27293919
  0.2730764   0.27412786  0.27556893  0.27623601  0.27718065  0.27767049
  0.27780039  0.27935806  0.27950744  0.2808189   0.28089584  0.28107481
  0.28178949  0.28195237  0.28284256  0.28327602  0.28357553  0.28446689
  0.28467969  0.28573039  0.28578921  0.28600517  0.28650792  0.2869429
  0.28750982  0.29023859  0.2903243   0.29034311  0.29113307  0.2911604
  0.29121835  0.29124435  0.29182875  0.29212561  0.29253869  0.29288248
  0.29466528  0.29543973  0.29705681  0.29795192  0.29866588  0.29897781
  0.29919582  0.29952219  0.30018358  0.30072323  0.30211433  0.30386882
  0.30517363  0.30692925  0.30833432  0.30985137  0.31174332  0.31407739
  0.31425853  0.31545951  0.31745394  0.32078052  0.32348535  0.324058
  0.32457489  0.32641618  0.32673276  0.32706537  0.32812805  0.32960028
  0.32995475  0.33345561  0.3334937   0.33755455  0.34014908  0.34040053
  0.34196318  0.34474272  0.34716071  0.34908384  0.35294606  0.35679063
  0.35729668  0.35735975  0.35807513  0.36654619  0.37006468  0.37462501
  0.37740389  0.37759602  0.37760468  0.38326373  0.38345375  0.39156525
  0.4022644   0.40584453  0.41162136  0.41324675  0.41603135  0.42540987
  0.43246261  0.43435438  0.4526916   0.46124908  0.4633223   0.47227559
  0.51035671  0.53310504]
vs
[0.00376014 0.00752029 0.01131551 0.01508971 0.01887856 0.02265514
 0.02643678 0.03022217 0.03400481 0.03779428 0.0415786  0.0454003
 0.04919526 0.0530035  0.05682875 0.0606337  0.06445807 0.06825316
 0.07206221 0.07586033 0.07967996 0.08347794 0.08728387 0.09108071
 0.09489887 0.09873261 0.10253834 0.10640007 0.11021181 0.11407685
 0.1178908  0.1216969  0.12550747 0.12931568 0.13312    0.13692358
 0.14073123 0.14458326 0.14838941 0.15219863 0.15600822 0.15982924
 0.16364163 0.1674588  0.17127098 0.175078   0.17889489 0.1827273
 0.18653599 0.19035382 0.1941838  0.19799776 0.20182659 0.20567228
 0.20948497 0.21329946 0.21712251 0.22094747 0.2247706  0.22859572
 0.2324334  0.23624905 0.24010528 0.24393072 0.24774331 0.25157151
 0.25540918 0.2592371  0.26305999 0.26691385 0.27080287 0.27466954
 0.27848623 0.28233416 0.28619184 0.29002021 0.29384632 0.29769673
 0.30152688 0.30538188 0.3092062  0.31302904 0.31686706 0.32068704
 0.32453405 0.3283899  0.33221002 0.33605277 0.33987338 0.34373612
 0.3475824  0.35144724 0.35532918 0.35918004 0.36300682 0.36683616
 0.3706724  0.37452546 0.37840829 0.38231964 0.38614338 0.39000897
 0.39389241 0.39772416 0.40163861 0.40549215 0.40940683 0.41325824
 0.41711047 0.42102517 0.424907   0.42881259 0.43272851 0.436596
 0.44043164 0.44429174 0.44814028 0.45197851 0.45585358 0.45969061
 0.46360972 0.46753602 0.47140387 0.47528265 0.47914128 0.48312053
 0.48700193 0.49088271 0.49475289 0.49861371 0.5025707  0.50641411
 0.51027763 0.5141379  0.51801436 0.52187165 0.52571896 0.52957342
 0.5334119  0.53725392 0.54112697 0.54501626 0.54885846 0.55270412
 0.5565902  0.56043535 0.56433995 0.56821618 0.57207925 0.57593769
 0.57979182 0.58364523 0.5875105  0.59138739 0.59524433 0.59908861
 0.60295609 0.60692184 0.61078954 0.61463612 0.61848396 0.62243875
 0.62648288 0.63051039 0.63438217 0.63825714 0.64218    0.6460652
 0.64995226 0.65381115 0.65775013 0.66166758 0.66552498 0.66945656
 0.67338626 0.67724164 0.68110263 0.68495727 0.68885707 0.69275759
 0.69663242 0.70051082 0.70458246 0.70847473 0.71233866 0.71619037
 0.72004795 0.72390592 0.72781215 0.73184722 0.73574868 0.73968036
 0.74355763 0.74744595 0.75131999 0.7551941  0.75905913 0.76291748
 0.7668939  0.7707687  0.7746884  0.77870723 0.78256706 0.78647857
 0.79036195 0.79422265 0.79808126 0.80200133 0.80586121 0.80973707
 0.81370266 0.81759835 0.82152517 0.825391   0.82925554 0.83316153
 0.83722217 0.84108549 0.84498593 0.84902863 0.8529717  0.85684153
 0.86071441 0.86463773 0.86851089 0.87246693 0.87632992 0.88019138
 0.88411624 0.88805436 0.89194131 0.89581026 0.89967939 0.90359193
 0.90750818 0.91140465 0.91531581 0.91919017 0.92307285 0.92697207
 0.93086181 0.93487993 0.93879145 0.94274268 0.94665985 0.95059213
 0.9545037  0.95847138 0.96241981 0.96631991 0.97024188 0.97425646
 0.97813274 0.98205638 0.98604753 0.99001473 0.99400573 0.9978945
 1.00182721 1.00580447 1.00969477 1.01358933 1.01748507 1.02140701
 1.02528458 1.02944924 1.03339349 1.03731464 1.04126187 1.04521523
 1.04909153 1.0529658  1.05687338 1.060751   1.06487014 1.06877053
 1.07266397 1.07658118 1.08046761 1.08448272 1.08848725 1.09256157
 1.09660299 1.1005713  1.1044976  1.10842498 1.11245492 1.11634129
 1.1202744  1.12416037 1.12807219 1.13207954 1.13601799 1.13995056
 1.14383401 1.14773201 1.15161028 1.15575666 1.15966391 1.16357352
 1.16746271 1.17139941 1.17529828 1.17929437 1.18318651 1.18714932
 1.19137149 1.19539555 1.19937247 1.20326787 1.20742042 1.21131486
 1.2152053  1.21920177 1.22315381 1.22722507 1.23144916 1.23549473
 1.23947742 1.24340574 1.24738605 1.25136097 1.25539108 1.25932915
 1.26327689 1.26721756 1.27119421 1.27510057 1.27903817 1.28294966
 1.28686521 1.29096215 1.29493662 1.29900673 1.3030067  1.30701997
 1.31091328 1.3148664  1.31886045 1.32286815 1.3267881  1.33074407
 1.33487525 1.33904323 1.34299136 1.34695716 1.351152   1.35514897
 1.35907939 1.36304189 1.36694543 1.37096936 1.37488402 1.37886992
 1.38296525 1.38694495 1.39090316 1.39488088 1.39891374 1.40312897
 1.40708384 1.41125203 1.41539105 1.41930054 1.42321537 1.42715459
 1.43110398 1.43501215 1.43893074 1.44286372 1.44683862 1.45093231
 1.45488679 1.45886446 1.46282977 1.46681481 1.47083332 1.47486218
 1.47879757 1.48288481 1.48680205 1.49084922 1.49489113 1.49883694
 1.50278717 1.50676447 1.51099188 1.51495621 1.51897746 1.52315129
 1.52720733 1.53119104 1.53546116 1.53958938 1.54358847 1.54753077
 1.55146874 1.55560769 1.55983366 1.56389034 1.56800923 1.57202822
 1.57596765 1.58022581 1.58417068 1.58837636 1.59230592 1.59625856
 1.60033247 1.60428216 1.60839723 1.61240931 1.61639129 1.62050904
 1.62447213 1.62862816 1.6325567  1.63652161 1.64055321 1.64456963
 1.64861725 1.65317015 1.65710767 1.6610296  1.66513287 1.66905727
 1.67298893 1.6769131  1.68096984 1.68495883 1.68897586 1.69297679
 1.697323   1.70142898 1.70573881 1.70987618 1.71397072 1.71796853
 1.72194384 1.72594581 1.73003    1.73408512 1.73834985 1.74270563
 1.74695252 1.75131241 1.75558743 1.75989192 1.76429157 1.76880389
 1.77277991 1.77701205 1.78144517 1.78621666 1.79083498 1.79491604
 1.79898357 1.80338895 1.80740728 1.81143007 1.81564042 1.81995725
 1.82398785 1.82883129 1.8327826  1.83777768 1.84239635 1.84640709
 1.85076078 1.85543513 1.8600179  1.86447327 1.86944279 1.87441251
 1.87850121 1.88247272 1.88661808 1.89283628 1.89773891 1.9029259
 1.90763881 1.91165666 1.91562509 1.92112589 1.92514682 1.93132729
 1.93822755 1.94318969 1.94876081 1.95319428 1.95795019 1.96453806
 1.97049265 1.97501716 1.98414666 1.99055916 1.99515645 2.00170018
 2.01653516 2.02707792]
q: 0.1
xs
[-0.         -0.         -0.          0.00075421  0.00700382  0.01488293
  0.02187955  0.02287688  0.02889823  0.02932324  0.02972914  0.03070671
  0.03082178  0.03175627  0.03268238  0.03294194  0.03358049  0.03386662
  0.03556249  0.03646699  0.03672964  0.03887539  0.03897892  0.0410583
  0.04279849  0.0429159   0.04446876  0.0445742   0.04692271  0.04713889
  0.04766074  0.04991107  0.04993839  0.04995839  0.05100287  0.05323302
  0.05433865  0.05451961  0.05605837  0.05608733  0.05611958  0.05617878
  0.05663373  0.05738484  0.05882546  0.0621428   0.06264548  0.0629371
  0.06327027  0.06334075  0.06417897  0.06435295  0.06504417  0.06629487
  0.06679323  0.06682025  0.06686116  0.06744365  0.06790041  0.06869097
  0.06993502  0.07130639  0.07142765  0.07161267  0.0720316   0.0729128
  0.07313226  0.07377254  0.07400684  0.07490009  0.07524103  0.07551509
  0.07572318  0.07627423  0.07628736  0.07656297  0.07682438  0.07701512
  0.07797149  0.07837249  0.07886916  0.07891155  0.07899241  0.07913869
  0.0793322   0.0798307   0.07985748  0.0800385   0.0801519   0.08025205
  0.0806769   0.08080035  0.08136924  0.0824211   0.08288464  0.08355844
  0.08382687  0.08415598  0.08422031  0.08430718  0.08443759  0.08460376
  0.08465726  0.0852942   0.08605282  0.0866184   0.08686321  0.08851093
  0.08882376  0.08971658  0.08973857  0.08976442  0.08994666  0.09038323
  0.09118695  0.09124869  0.09134644  0.09273031  0.09327102  0.09331425
  0.09332651  0.09348312  0.0936114   0.09363541  0.09373588  0.09387103
  0.0940922   0.09453772  0.09485632  0.09493623  0.09523633  0.09561234
  0.09671063  0.09736753  0.0975189   0.09783908  0.09798649  0.09830597
  0.09836698  0.09879418  0.09894899  0.09928337  0.09976322  0.09985509
  0.09995656  0.1003216   0.1003678   0.10068586  0.10161855  0.10181003
  0.1018743   0.10190998  0.10195458  0.10218136  0.10218694  0.10227911
  0.10229655  0.10266445  0.10277673  0.10277851  0.10313385  0.10373182
  0.10377576  0.10386283  0.10459773  0.10483213  0.10505287  0.10516101
  0.1053787   0.10564715  0.10591379  0.10627731  0.10630928  0.10684175
  0.10698165  0.10725633  0.10763797  0.1077943   0.10865744  0.10876092
  0.10881632  0.10943463  0.10959727  0.10988298  0.11024647  0.11034487
  0.11056608  0.11057394  0.11062903  0.11139768  0.1127018   0.11274622
  0.11293657  0.11303426  0.11354641  0.11389382  0.11401009  0.11401776
  0.1145006   0.11458318  0.11479958  0.11503827  0.11520791  0.11542173
  0.11553468  0.1158491   0.11667607  0.11800237  0.11865099  0.11940976
  0.1200374   0.12097579  0.12109919  0.12122193  0.12145045  0.12159041
  0.1220516   0.12212124  0.1222832   0.12253754  0.12326474  0.12345922
  0.12360067  0.12364068  0.12370236  0.1245918   0.12469737  0.12492359
  0.12504944  0.12683701  0.12713167  0.12745676  0.12749174  0.12754259
  0.12755671  0.12762523  0.12775927  0.12804868  0.12811067  0.12871748
  0.1287327   0.12964534  0.12968353  0.12975982  0.12998017  0.13018414
  0.13221409  0.1324752   0.13277604  0.1329575   0.13297587  0.13377836
  0.13396633  0.13399     0.13474632  0.13496654  0.13502649  0.13516223
  0.13531992  0.13536274  0.13544493  0.13572306  0.13583369  0.13590591
  0.13611701  0.13726356  0.1373006   0.13737663  0.13755974  0.13827336
  0.13852078  0.13873102  0.13883803  0.13883849  0.13913011  0.13935266
  0.13959386  0.13965731  0.139896    0.14033774  0.14039491  0.14043203
  0.14054455  0.14091665  0.14128901  0.14282053  0.14346744  0.1435023
  0.14359029  0.14407772  0.144085    0.14432995  0.14465925  0.14473276
  0.14535555  0.14558919  0.14603306  0.1461154   0.14654715  0.14710849
  0.14751262  0.1487252   0.1494257   0.1494321   0.14960159  0.15039905
  0.15073687  0.15078825  0.15083296  0.150904    0.15095715  0.15158046
  0.15248468  0.15325504  0.15364773  0.1539954   0.15469016  0.15473816
  0.15493816  0.15515364  0.1556396   0.15594079  0.15628038  0.1564289
  0.15668847  0.15678049  0.15741539  0.15777456  0.15847992  0.15864488
  0.1591012   0.16070542  0.16114289  0.16117119  0.16147082  0.16293579
  0.16300456  0.16338649  0.16368555  0.16387225  0.16400725  0.16452829
  0.16459484  0.16525421  0.16542487  0.16586282  0.16614271  0.16648452
  0.16670006  0.16694262  0.16730178  0.16746053  0.16747839  0.16844735
  0.16935748  0.1693669   0.17100556  0.17109104  0.17126426  0.17169468
  0.17186897  0.17206584  0.17217001  0.17232711  0.17243209  0.17260692
  0.17271821  0.17347959  0.17381724  0.17424725  0.17428406  0.17468314
  0.1749352   0.17523255  0.17538751  0.17544669  0.17611356  0.17614134
  0.17707442  0.17828689  0.17835314  0.17923774  0.1794634   0.17978173
  0.17990494  0.18051346  0.18070639  0.18071909  0.18092472  0.18111126
  0.18199945  0.18263074  0.18309478  0.18412861  0.1844251   0.18496297
  0.18616575  0.18700819  0.18712822  0.1889438   0.19017818  0.19039809
  0.19120356  0.1916194   0.19186931  0.1919247   0.19273756  0.19360737
  0.19365019  0.1938898   0.19422991  0.19449992  0.19457687  0.1950444
  0.19708106  0.19721821  0.1981425   0.19900587  0.19938045  0.19941353
  0.19969377  0.20005392  0.20029783  0.20068436  0.20181957  0.20255176
  0.20300629  0.20429934  0.20476429  0.2061014   0.20642421  0.20690514
  0.20715855  0.20760025  0.20763475  0.20787609  0.20794252  0.2079538
  0.20797583  0.20894859  0.20909304  0.2092118   0.21008814  0.21010851
  0.21116944  0.21142202  0.21238621  0.21283084  0.21563744  0.21571997
  0.21600874  0.22004     0.22097461  0.221041    0.22177166  0.22323756
  0.22329521  0.2236245   0.2248555   0.22584122  0.22732905  0.22875205
  0.22892167  0.22900918  0.22924148  0.23009502  0.23059497  0.23077907
  0.23117121  0.23427011  0.2364947   0.23993965  0.24043261  0.2449481
  0.24507654  0.24558853  0.24581278  0.24654662  0.24862344  0.25199666
  0.25287982  0.25496563  0.25569047  0.25899553  0.26199261  0.26700157
  0.27023064  0.27287133  0.27379504  0.27518462  0.27588719  0.28159215
  0.28169568  0.28705177  0.28780629  0.30043267  0.3009523   0.30409275
  0.30476526  0.3129099 ]
vs
[0.00288254 0.00576508 0.00864761 0.01153209 0.01443517 0.01735261
 0.02027626 0.02317802 0.02611024 0.02901412 0.03191841 0.03482766
 0.03773094 0.04064177 0.04355373 0.04645999 0.04937076 0.05227825
 0.05520343 0.05812057 0.06103017 0.06396691 0.06687603 0.06981599
 0.07275316 0.07566527 0.07860263 0.08151575 0.08447117 0.08738817
 0.0903116  0.09327158 0.0961869  0.0991021  0.10204058 0.10500813
 0.10795159 0.11087366 0.11383037 0.11674985 0.11966945 0.12258983
 0.12552135 0.12846192 0.13142364 0.13444339 0.13738144 0.14031356
 0.14324738 0.14617309 0.14912437 0.15205426 0.15500223 0.15797076
 0.160914   0.16384069 0.16676794 0.16971569 0.17265937 0.1756167
 0.17859309 0.18157625 0.18450988 0.18744633 0.19039293 0.19335997
 0.19629925 0.19925748 0.20219829 0.20516948 0.20811626 0.21106035
 0.21400166 0.21695979 0.21989232 0.22283789 0.2257831  0.22872506
 0.23170675 0.23466069 0.23762021 0.24055606 0.24349406 0.24643574
 0.24938024 0.25234212 0.25527785 0.25822248 0.26116342 0.26410373
 0.26706347 0.27000565 0.27297505 0.27597487 0.27893954 0.28191802
 0.28487169 0.28782959 0.29077079 0.29371355 0.29665929 0.2996076
 0.30254853 0.3055292  0.30851907 0.31149655 0.31445233 0.31750755
 0.32046975 0.32347411 0.32641638 0.32935896 0.33231315 0.33528655
 0.33828816 0.34123449 0.34418365 0.34723232 0.35021711 0.35316351
 0.35610751 0.35906307 0.36201654 0.36496171 0.36791318 0.37086764
 0.37382944 0.37681034 0.3797811  0.38273194 0.38570179 0.38867861
 0.39171888 0.39472184 0.39768092 0.40065526 0.40361449 0.40658949
 0.40954136 0.41252692 0.41548785 0.41846572 0.42145767 0.4244136
 0.42737057 0.43035291 0.43330499 0.43628353 0.43932258 0.4422899
 0.44524487 0.44819707 0.45115021 0.45412182 0.45707123 0.46002952
 0.46298022 0.46596729 0.46892817 0.47187759 0.47486438 0.47787744
 0.480832   0.48379127 0.48682083 0.48979682 0.49277161 0.49573427
 0.49870923 0.50169014 0.50467121 0.50766357 0.51061874 0.51363116
 0.51659915 0.5195829  0.52257947 0.52555018 0.52860424 0.53156958
 0.53452934 0.53755651 0.54052968 0.54351795 0.54651606 0.54948224
 0.55246364 0.55541897 0.55838017 0.5614306  0.56454933 0.5675107
 0.57049065 0.57345903 0.57648071 0.57948182 0.58245344 0.58541105
 0.5884309  0.59139871 0.59438433 0.5973732  0.60035316 0.60333928
 0.60631206 0.60931232 0.61238285 0.61552288 0.61857142 0.62163606
 0.62468349 0.62777517 0.63075369 0.63373229 0.63672604 0.63970748
 0.64273506 0.64570698 0.64869232 0.65169128 0.65475947 0.65775065
 0.66073429 0.66370314 0.66667525 0.66977082 0.67275022 0.6757479
 0.67873071 0.68196587 0.68497585 0.68799089 0.69096175 0.69393511
 0.69690283 0.69987905 0.7028656  0.70587675 0.7088524  0.71191444
 0.71488318 0.71799532 0.72096837 0.72394761 0.72695026 0.72995054
 0.73324902 0.73626042 0.73927871 0.74227768 0.74524984 0.74835261
 0.75135369 0.75432744 0.75742472 0.76043228 0.76341291 0.76640654
 0.76940411 0.77238214 0.77536703 0.77838596 0.78137614 0.78435976
 0.78736781 0.79054071 0.79351921 0.79650467 0.79950929 0.8026089
 0.80562589 0.80863652 0.81162877 0.81460186 0.81762792 0.82064176
 0.82365931 0.82664449 0.8296621  0.83271767 0.83570229 0.83868325
 0.84167838 0.84472246 0.84776709 0.85103174 0.85413035 0.85711306
 0.86010599 0.86317577 0.86615364 0.8691775  0.87221805 0.87520923
 0.87830786 0.88133101 0.88439584 0.88738986 0.89045324 0.89354297
 0.89660209 0.89982364 0.90294395 0.90592526 0.90893956 0.91208155
 0.91513101 0.9181224  0.92111248 0.92410804 0.9271     0.93021006
 0.93337932 0.93652192 0.93958659 0.94264234 0.94577161 0.94876526
 0.95179116 0.95482062 0.95790803 0.96095659 0.96401378 0.96703031
 0.97007101 0.97307577 0.9761986  0.97926219 0.98240196 0.98542416
 0.98851068 0.99185118 0.99493555 0.99792963 1.0009842  1.0042996
 1.00730401 1.01037892 1.01343566 1.01646738 1.01948762 1.0225959
 1.02560114 1.02874218 1.0317719  1.03486341 1.037919   1.04098931
 1.04403074 1.04707876 1.05015435 1.05318345 1.05617965 1.0594001
 1.06260797 1.06560347 1.06898653 1.07200128 1.07503714 1.07813495
 1.08117171 1.08421415 1.08723442 1.09026768 1.09328846 1.09632643
 1.09934909 1.1025314  1.10561049 1.10871283 1.11171846 1.11481402
 1.11787354 1.1209447  1.12398064 1.12699277 1.13015781 1.13316259
 1.13639634 1.13970225 1.14271832 1.14594317 1.14900073 1.15208235
 1.15511424 1.15827139 1.16132196 1.16432608 1.16738035 1.17042991
 1.173663   1.17683003 1.17995401 1.18322865 1.18631005 1.18945575
 1.19277868 1.19600738 1.19904446 1.2025354  1.20587298 1.20893931
 1.2121639  1.21528422 1.21836012 1.22138347 1.22461333 1.22785988
 1.23088107 1.23395637 1.23705965 1.24014405 1.2431754  1.24631519
 1.24989204 1.25294207 1.25621234 1.25946683 1.26258516 1.26560781
 1.26870029 1.27181577 1.27489876 1.27802264 1.28136054 1.28458482
 1.28773054 1.29111782 1.29426837 1.29767143 1.30078272 1.30394034
 1.30703243 1.31017978 1.31320871 1.31629828 1.31933682 1.32235921
 1.3253848  1.32869153 1.33175409 1.33480923 1.33809011 1.34111671
 1.34445466 1.34755166 1.35086293 1.35401898 1.35788927 1.36093852
 1.36405049 1.36830209 1.37161458 1.37466274 1.37791469 1.38139368
 1.38444082 1.38757191 1.39098259 1.39431891 1.39781283 1.40128868
 1.40437479 1.40743541 1.4105416  1.41384358 1.41703524 1.42012776
 1.42328644 1.42730523 1.4310504  1.43518868 1.43838714 1.44287745
 1.44596283 1.44917209 1.45228905 1.45557139 1.45929088 1.46343568
 1.46677278 1.47050468 1.47379326 1.47793133 1.4819731  1.48668515
 1.49081519 1.49475465 1.49812563 1.50165362 1.50495352 1.50993456
 1.51303839 1.5179158  1.52124395 1.52860675 1.53186577 1.53602121
 1.53933597 1.54521927]
q: 0.15
xs
[-0.         -0.         -0.         -0.          0.00075386  0.00120079
  0.00595191  0.00695877  0.01099318  0.01215128  0.01461063  0.01482727
  0.02093208  0.02179183  0.02224995  0.02269794  0.02587273  0.02623983
  0.02651546  0.02860462  0.02915453  0.02947366  0.02950003  0.0299033
  0.03061146  0.03118265  0.03146115  0.03146549  0.03232629  0.03312915
  0.03358316  0.03502301  0.03619073  0.03646269  0.03661168  0.03807991
  0.03928942  0.03963576  0.04026854  0.04044266  0.04059065  0.04080976
  0.04166517  0.04213312  0.04237149  0.04284548  0.04296223  0.0432542
  0.0440197   0.04419333  0.0447202   0.04525988  0.04618943  0.04645589
  0.04700939  0.04705839  0.04710481  0.04718227  0.04781479  0.04906135
  0.04934763  0.04939942  0.04943585  0.05041628  0.05121887  0.05185522
  0.05195643  0.05203425  0.05207436  0.05227722  0.05329995  0.05373135
  0.05380832  0.05390896  0.05390982  0.05393814  0.05475502  0.05485081
  0.0552759   0.05621226  0.05639002  0.0565344   0.05664254  0.0579908
  0.05808861  0.05829444  0.05870768  0.05982732  0.05998387  0.06000923
  0.06039697  0.06145224  0.06153839  0.06163885  0.06178597  0.06181262
  0.06247658  0.06314364  0.06318767  0.06385022  0.06443566  0.06486042
  0.06589992  0.06632639  0.0664626   0.06648494  0.06654143  0.06656747
  0.06681466  0.06702744  0.06721666  0.06757068  0.06761148  0.06773098
  0.06781203  0.06839467  0.0686574   0.06905787  0.06912328  0.06934417
  0.06996066  0.07000107  0.07001505  0.0701201   0.07029738  0.07040979
  0.07045129  0.07189394  0.0722872   0.072428    0.07258672  0.07268078
  0.07283274  0.07318709  0.07319274  0.07364294  0.07372879  0.0740279
  0.07490276  0.07546568  0.07622136  0.07638591  0.07713219  0.07729646
  0.07730961  0.07733032  0.07754511  0.07755188  0.07755279  0.07777641
  0.07778939  0.0779415   0.07802477  0.07826599  0.07830816  0.0783879
  0.07915372  0.0792558   0.07957264  0.0799593   0.08011396  0.08065982
  0.08088509  0.08107777  0.08119848  0.08148885  0.08231884  0.08249132
  0.08250724  0.08287101  0.0832323   0.08355694  0.08365765  0.08370797
  0.08374542  0.08394409  0.08415119  0.08450298  0.08459813  0.08476202
  0.08522985  0.08547197  0.08556839  0.08600672  0.08626546  0.08642121
  0.08670844  0.08683551  0.08708881  0.08724745  0.08840591  0.08852587
  0.08877769  0.08932782  0.08964289  0.08970646  0.0898726   0.09062904
  0.0907112   0.09074228  0.09111841  0.09129446  0.09136066  0.0913806
  0.09142557  0.0918444   0.0921252   0.09238676  0.09250772  0.09258531
  0.09262486  0.09278855  0.09289387  0.09327538  0.09356882  0.09356966
  0.09359664  0.0939779   0.09441962  0.09469361  0.09471794  0.09500118
  0.09507537  0.09521576  0.09558857  0.09559567  0.09565048  0.09572674
  0.09585515  0.09591255  0.09605565  0.09609115  0.09635959  0.09654342
  0.09672707  0.096947    0.09712344  0.09721703  0.09727777  0.09781282
  0.09795357  0.09818112  0.09855471  0.09863795  0.09916225  0.09936437
  0.09950323  0.09978397  0.09991998  0.10036741  0.10061821  0.10094742
  0.10096884  0.1010167   0.10132883  0.10142714  0.10142844  0.10227797
  0.10334653  0.10370409  0.10380892  0.10383507  0.10463133  0.10522888
  0.10537428  0.10539209  0.10547204  0.10564988  0.10600371  0.10601709
  0.10612991  0.1071099   0.10716913  0.10745776  0.10794853  0.10809696
  0.10852862  0.1089702   0.10935026  0.10938359  0.10945901  0.11085657
  0.1109569   0.11145832  0.11154183  0.11157626  0.11179974  0.11231189
  0.11261229  0.1126503   0.11281401  0.11290382  0.11291635  0.11301994
  0.11342929  0.11352794  0.11363574  0.11392017  0.11419558  0.11474804
  0.11555805  0.11572762  0.11576426  0.11582553  0.11592633  0.11595293
  0.11660248  0.11670014  0.11678005  0.11699572  0.11704713  0.11713442
  0.11723386  0.11812015  0.11830258  0.11840848  0.11924356  0.11948436
  0.11982666  0.12009842  0.12011249  0.12034391  0.1207723   0.12091617
  0.12093494  0.12106523  0.12141776  0.12154037  0.12154711  0.12196502
  0.12197475  0.12200141  0.12225227  0.12276723  0.1229268   0.12387302
  0.12424104  0.12594728  0.12598084  0.12631492  0.12638024  0.12717808
  0.12758211  0.12759559  0.12761637  0.12815715  0.12816932  0.12828929
  0.12877794  0.12971832  0.13006853  0.13012849  0.13053414  0.13082014
  0.13119328  0.13138188  0.1315863   0.13175176  0.13225573  0.13246718
  0.13252989  0.13266817  0.13269346  0.13269862  0.13294618  0.13312219
  0.1337587   0.13391108  0.13393248  0.13400428  0.13418803  0.13454554
  0.13497185  0.13553569  0.13698594  0.13710013  0.13731687  0.13749964
  0.13764564  0.13771914  0.13783011  0.13812812  0.13875652  0.13895915
  0.13926673  0.13940314  0.13941253  0.14013968  0.14056116  0.14153904
  0.14162828  0.14179729  0.14214713  0.14228973  0.14233094  0.14252458
  0.14348645  0.14542566  0.14596395  0.14691657  0.14701669  0.14707421
  0.14710354  0.14717448  0.14781542  0.14800554  0.14874247  0.14918351
  0.14931456  0.14955798  0.15024752  0.15097552  0.15103967  0.15192172
  0.15395322  0.15413317  0.1542937   0.15487668  0.15490087  0.15500332
  0.15523774  0.15576096  0.15739158  0.15744442  0.15795001  0.15796041
  0.15820101  0.15941112  0.16006467  0.16020001  0.16034184  0.16054147
  0.16061936  0.16094193  0.16151287  0.16205082  0.16229638  0.16257644
  0.1633579   0.16371116  0.16409209  0.16412568  0.1660214   0.16618376
  0.16619473  0.16626016  0.16652185  0.16695715  0.16710964  0.16776825
  0.16777178  0.16853515  0.16940719  0.17124953  0.17304242  0.17523397
  0.17586582  0.17799425  0.17882546  0.17913576  0.17978452  0.1802865
  0.18070349  0.18097136  0.18136704  0.1830535   0.18322676  0.18398298
  0.18417652  0.1846222   0.18520059  0.1852761   0.18556979  0.18700768
  0.18726487  0.18748886  0.18968155  0.18984021  0.19222476  0.1942032
  0.19462386  0.19754068  0.19966225  0.20478103  0.20488967  0.20731496
  0.20744376  0.20902569  0.21089009  0.21213833  0.2175238   0.21809836
  0.22696805  0.22924993  0.23952924  0.24047547  0.24494847  0.26813417
  0.27927346  0.28951889]
vs
[0.00246077 0.00492154 0.00738231 0.00984308 0.01230653 0.01476975
 0.01725503 0.01972578 0.02221738 0.02469423 0.02718296 0.02965599
 0.03218403 0.03466834 0.03714956 0.03963133 0.04214692 0.04463089
 0.04711413 0.04962376 0.05211323 0.05459984 0.05708209 0.05957086
 0.06206567 0.06455895 0.06704738 0.0695307  0.07203185 0.07453299
 0.07702753 0.07954536 0.08205883 0.0845521  0.08704268 0.08956759
 0.09208775 0.09458607 0.09709292 0.09958749 0.10208154 0.10457796
 0.10709437 0.10959975 0.11209837 0.11460514 0.1171005  0.11960209
 0.1221208  0.12461931 0.12713104 0.12964402 0.13217266 0.13467685
 0.1371928  0.13968919 0.14218555 0.14468327 0.1472047  0.14975361
 0.1522621  0.15476051 0.1572583  0.15979972 0.16233422 0.16486197
 0.16736477 0.16986657 0.17236661 0.17487492 0.17742555 0.17994692
 0.18245024 0.18495494 0.18745437 0.18995532 0.19250015 0.19500555
 0.19752987 0.20008436 0.20259582 0.20510556 0.20761333 0.21019655
 0.2127049  0.2152201  0.21774865 0.22032276 0.2228365  0.22534194
 0.22787126 0.23044557 0.23295621 0.23546795 0.23798304 0.24048998
 0.2430417  0.2455946  0.24810382 0.25065789 0.25320729 0.25574567
 0.25833054 0.26087074 0.26338947 0.26589966 0.26841253 0.27092309
 0.27345117 0.27597685 0.27850096 0.28103871 0.28355133 0.28607051
 0.28858666 0.2911451  0.29367726 0.29622159 0.29873759 0.30126721
 0.30383187 0.30634646 0.30885874 0.31137923 0.31390643 0.31642796
 0.31894312 0.32158847 0.3241377  0.32666368 0.32919157 0.3317135
 0.33424115 0.33678871 0.33930261 0.34186042 0.34438264 0.34692636
 0.34952864 0.35210048 0.35469291 0.35722544 0.35981867 0.36235208
 0.3648698  0.36738834 0.36992765 0.37244489 0.37496151 0.37750242
 0.38002053 0.38255403 0.38508009 0.38762396 0.39014576 0.39267187
 0.39527643 0.39780585 0.40036024 0.40292324 0.40545962 0.40804234
 0.41058784 0.41312977 0.41566335 0.4182176  0.42083787 0.42337895
 0.42590102 0.42846617 0.43103154 0.43359285 0.43612643 0.43865377
 0.44117954 0.44372603 0.4462739  0.44884083 0.45137481 0.45391795
 0.4565014  0.45905562 0.46159076 0.46417188 0.46672944 0.46927341
 0.47183553 0.47437613 0.4769343  0.47947974 0.48216464 0.48470586
 0.48726581 0.48986835 0.49243826 0.49497267 0.49752192 0.50015669
 0.50269467 0.50522531 0.5078066  0.51035896 0.5128953  0.51542484
 0.51795816 0.52054776 0.52311713 0.52568398 0.52822976 0.53076907
 0.53330264 0.53585548 0.53839948 0.54098679 0.54356084 0.54608916
 0.54862163 0.55121054 0.55380969 0.55638254 0.55891548 0.56149045
 0.56403177 0.56658404 0.56917472 0.57170556 0.57424432 0.57678674
 0.579338   0.58187751 0.58443156 0.58696759 0.58954334 0.59210501
 0.59466692 0.59723536 0.59979658 0.60234366 0.60488513 0.60750991
 0.61006601 0.61263767 0.61523563 0.61778231 0.62040816 0.62297682
 0.62553433 0.6281178  0.63067531 0.63328999 0.63586921 0.63846327
 0.64100082 0.64354332 0.64613521 0.64868749 0.65122167 0.65391606
 0.65665328 0.65925671 0.66181236 0.66435305 0.66704217 0.66969403
 0.67225899 0.67479929 0.67735177 0.6799236  0.68253038 0.68507032
 0.68763003 0.69036281 0.69291277 0.6955089  0.69814622 0.70071498
 0.70334149 0.70597068 0.70858793 0.71113452 0.71368984 0.71651886
 0.71908055 0.721726   0.72428476 0.72683334 0.72942181 0.73207164
 0.73467731 0.73722754 0.73980469 0.74236623 0.74491128 0.747476
 0.75010713 0.75267132 0.75523764 0.7578428  0.76044639 0.76311146
 0.76583434 0.76841628 0.77096886 0.77352701 0.7760941  0.77864465
 0.78133584 0.78390302 0.78646631 0.78906067 0.79161778 0.7941832
 0.79675155 0.79950174 0.8020902  0.80466113 0.80740227 0.81000562
 0.81263316 0.81524459 0.81779556 0.82039805 0.82304771 0.82563016
 0.82818289 0.83076241 0.83339563 0.83597385 0.83852418 0.84117443
 0.84372581 0.84628135 0.84889191 0.8515678  0.85415677 0.85694069
 0.85958249 0.86255821 0.86511855 0.86775425 0.8703229  0.87307636
 0.87573141 0.87828799 0.88084644 0.88353763 0.88609432 0.8886787
 0.89135819 0.89415508 0.89680053 0.8993711  0.90203182 0.90466189
 0.90731522 0.90992061 0.91253045 0.9151303  0.91782014 0.92043296
 0.92300644 0.92560022 0.9281639  0.93072221 0.93334589 0.93595059
 0.93868041 0.94127955 0.94384321 0.94642068 0.94902895 0.95168525
 0.95436107 0.95707555 0.96003668 0.96262853 0.96524914 0.96786059
 0.97046199 0.97304324 0.97563515 0.97828008 0.98101909 0.98363807
 0.98628726 0.98888801 0.99145258 0.99422329 0.99690709 0.99975221
 1.00234151 1.00495411 1.00761959 1.01022512 1.0128012  1.01542205
 1.01826914 1.02140606 1.02413164 1.02698095 1.02957818 1.03216286
 1.0347392  1.03732804 1.04008824 1.04271362 1.04550442 1.04820676
 1.05081568 1.05345898 1.05623876 1.05903137 1.06162151 1.06446321
 1.06766073 1.07028904 1.07291161 1.07566567 1.07824657 1.08085193
 1.08349876 1.08623655 1.08932356 1.09191546 1.0946506  1.09722954
 1.09988164 1.10284292 1.10562837 1.10824892 1.11087175 1.11351339
 1.11611608 1.11879796 1.1215608  1.1243138  1.12697244 1.12964271
 1.13247742 1.13517293 1.13787807 1.14046936 1.14367573 1.14631115
 1.14889657 1.15150012 1.15416921 1.15689671 1.15953014 1.16233373
 1.16491788 1.16775833 1.17063671 1.17384545 1.17704046 1.18037438
 1.18317886 1.18649715 1.1893733  1.19207137 1.19488674 1.19765234
 1.20038925 1.20307497 1.20580562 1.20898759 1.21164262 1.21450242
 1.21716556 1.21991784 1.22271768 1.22534041 1.22804065 1.2311482
 1.23383722 1.23651478 1.2398976  1.24255392 1.24601138 1.24932646
 1.25208136 1.25574206 1.25911875 1.26359266 1.26624313 1.2697432
 1.27240318 1.27559869 1.27890121 1.28197872 1.286595   1.28942935
 1.29536485 1.29884823 1.30534779 1.30834243 1.31267524 1.3241555
 1.33109074 1.33771148]
